@ First principal component from Bernanke/Boivin/Eliasz, 59/2-01/8 @ 

   7.3756815e-01
   8.4777819e-01
   8.2673564e-01
   7.5246670e-01
   4.5048845e-01
   6.3105074e-02
  -6.7828169e-01
  -2.2683494e-02
  -1.4220550e-01
   2.6153811e-01
   1.4547040e+00
   7.2083744e-01
   1.6610452e-01
  -3.6781179e-01
   2.4027671e-01
  -2.7624343e-01
  -3.0291774e-01
  -2.3755341e-01
  -1.3296714e-01
  -2.8252119e-01
  -1.7727849e-01
  -4.3032597e-01
  -7.2007746e-01
  -1.9195389e-02
  -2.7172344e-01
   3.0184773e-01
   3.8943760e-01
   5.3725728e-01
   5.8089586e-01
   3.5227479e-01
   5.0913145e-01
   1.7094786e-01
   6.4007809e-01
   7.0797839e-01
   4.6663885e-01
   1.7142597e-02
   6.5217670e-01
   3.6098688e-01
   4.6061833e-01
   2.1800055e-01
   8.4722559e-02
   2.9881783e-01
   1.7272615e-01
   1.5422391e-01
   1.0545559e-01
   2.4113271e-01
   1.8118435e-01
   1.9977163e-01
   3.3258973e-01
   3.1993468e-01
   6.2443536e-01
   3.4005038e-01
   2.1641087e-01
   2.2835070e-01
   2.9605818e-01
   4.2879492e-01
   4.8752555e-01
   1.8630788e-01
   2.2768432e-01
   3.4343366e-01
   5.8934436e-01
   3.0922318e-01
   5.8148736e-01
   4.7806360e-01
   2.8111468e-01
   5.7910564e-01
   4.4316398e-01
   4.8033930e-01
  -1.0068004e-01
   9.6895297e-01
   6.3917304e-01
   4.4179730e-01
   5.3502597e-01
   5.9182633e-01
   4.5671462e-01
   5.0528850e-01
   3.9670546e-01
   5.9891476e-01
   4.0836606e-01
   5.3363655e-01
   5.2540609e-01
   5.3153402e-01
   6.7103719e-01
   5.2984968e-01
   5.0076094e-01
   6.7037299e-01
   3.1715009e-01
   3.4210871e-01
   4.5041343e-01
   2.3854742e-01
   1.1656534e-01
   1.2681736e-01
   2.0625130e-01
  -6.4871953e-03
   1.1541246e-01
   2.5913855e-01
  -2.7220968e-01
  -5.9277348e-02
   7.5225392e-02
  -9.7647634e-02
   7.7422250e-02
   9.0833083e-02
   4.4562224e-01
   1.6418080e-01
   1.8720774e-01
   6.7746507e-01
   4.4492127e-01
  -1.5648813e-01
   4.5349062e-01
   2.2395019e-01
   2.6521933e-01
   3.3765478e-01
   1.9258914e-01
   9.1354599e-02
   2.0930480e-01
   1.8120370e-01
   2.7742368e-01
   4.2523616e-01
   2.8636595e-01
   2.4389640e-01
   3.5119555e-01
   2.1465291e-01
  -1.3381446e-02
  -1.3194516e-02
   1.8993932e-01
   9.2920198e-02
  -1.9634031e-02
  -1.6477567e-01
  -4.5289253e-02
  -4.2999654e-01
  -1.4644158e-01
  -6.7932645e-01
  -2.4622944e-01
  -2.3184591e-01
  -4.6197704e-01
  -4.9499146e-01
  -3.6379542e-01
  -1.2198694e-01
  -4.1699889e-01
  -3.3824881e-01
  -9.4669867e-01
  -5.1105743e-01
   4.9461473e-01
   1.5125275e-01
  -2.6008586e-02
   3.0278166e-02
   2.5742431e-01
   1.7293964e-01
   6.9781200e-02
   1.0624160e-01
  -4.7113586e-02
   5.0858644e-01
   2.4937804e-01
   2.8953505e-01
   4.3021347e-01
   7.2184893e-01
   4.7904493e-01
   6.0219539e-01
   6.1627916e-01
   3.3721200e-01
   3.9989031e-01
   1.7507770e-01
   6.5668037e-01
   4.8798645e-01
   8.1917265e-01
   7.3091642e-01
   7.0082146e-01
   4.2735177e-01
   7.3404092e-01
   2.4936004e-01
   2.0307666e-01
   2.4439236e-01
   2.6415153e-01
   8.5055874e-02
  -1.8318871e-01
   1.7088399e-01
   8.2599271e-02
   8.9311925e-02
  -4.6637422e-01
  -5.7640953e-01
  -3.2258831e-01
  -2.2670760e-01
  -2.9824332e-01
  -2.3258016e-01
  -4.2444131e-01
  -6.4310585e-01
  -7.9457937e-01
  -7.3266843e-01
  -8.6455931e-01
  -1.4988837e+00
  -1.9678711e+00
  -1.5554910e+00
  -1.1717753e+00
  -1.1253385e+00
  -3.6756657e-01
  -2.4857103e-01
  -2.3843133e-01
  -1.2561728e-01
   2.4934195e-01
   2.5192552e-02
   2.6815515e-02
   2.9142751e-02
   1.3465866e-01
   3.9320287e-01
   5.0945599e-01
   4.8425486e-02
   2.3496664e-01
   1.2688481e-01
  -8.0513578e-02
   1.2740472e-01
  -2.5204806e-02
   8.2910342e-02
  -9.3052934e-02
   3.5946716e-01
   2.3982808e-01
  -8.9846291e-03
   5.9482809e-02
   4.4754199e-01
   3.8765338e-01
   3.6480248e-01
   2.6967618e-01
   2.0592485e-01
   1.7296472e-01
   1.8308110e-01
   1.2046186e-01
   1.6764987e-01
   1.6942465e-01
  -1.6949581e-01
   1.0983715e-01
   3.0411598e-01
   7.5720201e-01
   4.1523570e-02
   3.4001079e-01
   1.8558339e-02
   1.3536993e-01
   5.9005656e-03
   1.1154746e-01
   1.8405103e-01
   6.1842910e-02
  -2.4817860e-01
  -8.6568253e-02
  -1.2851183e-02
  -6.4349096e-01
  -2.3431442e-03
  -2.5790576e-01
  -5.2259242e-01
  -5.3981508e-01
  -4.0479221e-01
  -3.7280764e-01
  -6.8077604e-01
  -6.1649516e-01
  -6.9587029e-01
  -6.5267727e-01
  -1.0328747e+00
  -1.6979751e+00
  -1.6837598e+00
  -1.1484157e+00
  -7.7595721e-01
  -1.2303604e-01
  -1.9644408e-01
  -1.8080616e-01
  -2.5364544e-01
  -5.6761506e-01
  -8.4699807e-01
  -6.4501066e-01
  -5.1216741e-01
  -6.0329968e-01
  -6.3636436e-01
  -8.4042276e-01
  -7.5202917e-01
  -9.6256760e-01
  -1.1064484e+00
  -9.9141770e-01
  -1.2334323e+00
  -1.1260793e+00
  -1.3036246e+00
  -4.4049744e-01
  -1.0534162e+00
  -1.1749592e+00
  -1.0998493e+00
  -1.2907876e+00
  -1.1192515e+00
  -8.9006115e-01
  -8.0868427e-01
  -1.0375643e+00
  -6.9694160e-01
  -5.6531784e-01
  -7.2535155e-03
  -3.1843961e-01
   1.6792579e-02
  -6.5674202e-03
   1.3721401e-01
   1.4998036e-01
   3.3620195e-01
   1.1240337e-03
   6.1170235e-01
   1.5993538e-01
   1.2174122e-01
   2.6744169e-01
   3.6210518e-01
   1.6564336e-01
   1.4787635e-01
   1.2460388e-01
   9.3395292e-02
   1.2835752e-01
  -5.3477255e-02
  -2.3430342e-01
  -1.9263040e-01
  -2.0536157e-01
  -2.9284022e-02
  -1.5187665e-01
  -1.0371296e-01
  -1.2803450e-01
  -3.5655152e-02
  -1.9524976e-01
  -5.2477461e-02
  -2.6126417e-01
  -2.5656443e-01
   4.8701315e-02
   6.5917562e-03
  -2.9997396e-01
  -4.8144982e-02
  -3.2674831e-02
   5.9444430e-02
  -1.2723682e-01
  -9.2039034e-02
   2.4219875e-01
  -1.2239007e-01
  -2.3038190e-01
   4.5713991e-02
   7.9115835e-02
   2.3632046e-02
   9.1250137e-02
  -3.4648116e-02
   1.7250401e-01
  -2.9319196e-01
   2.9402477e-01
   8.6453934e-02
   7.4653551e-02
   1.1644828e-01
   1.1198671e-01
   1.9210672e-01
   9.8333318e-02
   5.7022026e-03
   3.6212928e-01
   7.3870821e-02
   2.2845883e-01
  -3.6487163e-02
   2.0163827e-01
   5.8636905e-03
   8.1680291e-02
  -3.6584941e-02
   4.2186568e-02
   4.1504330e-02
   2.2543684e-02
  -1.8693395e-01
   5.8215972e-02
   1.3213334e-01
   1.0705042e-01
   1.0047925e-01
  -2.5832053e-01
  -4.2431364e-02
  -2.1510135e-01
  -4.8001704e-01
  -2.4943642e-01
  -4.7679186e-01
  -9.6290342e-02
  -3.3767373e-01
  -3.8055595e-01
  -1.1235738e-01
  -2.0286124e-01
  -3.3670683e-01
  -3.1267700e-02
  -1.4309167e-01
  -3.9397780e-01
  -1.6234397e-01
  -3.1492677e-01
  -4.0179319e-01
  -5.3387751e-01
  -5.4370103e-01
  -7.8924614e-01
  -8.4743614e-01
  -6.3729872e-01
  -8.2317754e-01
  -6.3599983e-01
  -5.6068667e-01
  -3.5947831e-01
  -3.3162630e-01
  -1.4513711e-02
  -3.2308979e-01
  -2.6203663e-01
  -3.3078364e-02
  -3.1923120e-01
  -3.4663701e-01
  -4.3610213e-01
  -1.7471865e-01
  -4.8830573e-02
   3.4555527e-02
   3.8935958e-02
   1.3558679e-02
  -2.0322571e-01
  -2.2533885e-02
  -9.8175190e-02
  -8.5560762e-02
  -1.0072203e-03
   5.5552881e-02
   5.1781557e-02
   4.8754548e-02
   1.3078635e-01
  -1.5565166e-01
   7.4908689e-02
  -3.3286604e-02
  -4.0427625e-03
   1.6693559e-02
   3.3674474e-02
   1.9729829e-01
   1.2080212e-01
   1.4619289e-01
   3.2453372e-01
   1.4226482e-01
   2.0797518e-01
   3.6081011e-01
   2.9430613e-01
   3.6632779e-01
   1.6289668e-01
   1.9828088e-01
   2.1951314e-01
   1.9981652e-01
   3.4196538e-01
   2.7566299e-01
   2.6892538e-01
   2.2047816e-01
  -1.9142547e-02
  -2.3123370e-02
  -1.2363841e-01
  -1.5730774e-01
   1.3549811e-02
  -1.2498966e-01
   1.9846552e-01
   5.8886066e-02
  -1.9225400e-01
  -2.3622230e-02
  -4.4359039e-02
  -3.4149853e-01
   2.9428911e-01
  -7.8564796e-02
   1.3577023e-01
   1.8326004e-01
   2.7646596e-01
   1.8787634e-03
   1.9449346e-01
   1.2705648e-01
  -5.4157699e-03
   2.1994044e-01
   1.0673927e-01
   1.6430050e-01
   3.2115882e-01
   2.0412525e-01
   2.0334590e-01
   2.2697507e-01
   2.4611912e-01
   2.8925721e-01
   2.7692283e-01
   2.2134929e-01
   3.0415538e-01
   3.1568417e-01
   1.8691222e-01
   2.6285644e-01
   2.0089665e-01
   2.2793518e-01
   1.9849010e-01
   2.1406048e-01
  -1.3477386e-02
  -4.6670026e-02
   4.8898498e-01
   3.6359861e-02
   1.1512364e-01
   6.5768966e-02
   1.4836463e-01
   2.0129016e-01
   2.9543906e-01
   2.0756474e-01
   1.3683316e-02
   3.2907928e-01
   2.2542912e-01
   2.6534234e-01
   2.1861932e-01
   5.6034507e-02
   3.6558700e-01
   2.3018597e-01
   3.3395751e-01
   2.8693509e-01
   2.1571544e-01
   2.4258587e-01
   3.0170740e-01
   1.2124128e-01
   5.2737229e-02
  -4.4645352e-02
   8.8873087e-02
   2.1241644e-03
  -4.4773925e-02
  -8.3022564e-02
  -1.4129529e-01
  -4.2364309e-01
  -2.0293222e-01
  -1.5967755e-01
  -3.2096154e-01
  -2.2649348e-01
  -3.4046506e-01
   2.7982719e-02
  -3.4376256e-01
