@  qdate     ave_1     ave_3 @

19520630     1.765     1.768
19520731     1.811     1.895
19520829     1.700     1.865
19520930     1.522     1.707
19521031     1.420     1.793
19521128     1.827     1.992
19521231     1.954     2.033
19530130     1.827     1.982
19530227     2.030     2.125
19530331     1.989     2.059
19530430     2.081     2.272
19530529     1.928     2.267
19530630     1.674     2.023
19530731     1.928     2.119
19530831     1.776     1.961
19530930     1.395     1.544
19531030     0.938     1.269
19531130     1.192     1.564
19531231     1.294     1.397
19540129     0.938     1.015
19540226     0.852     1.005
19540331     0.984     1.020
19540430     0.659     0.792
19540528     0.608     0.700
19540630     0.598     0.629
19540730     0.659     0.781
19540831     1.029     1.020
19540930     0.882     0.990
19541029     0.710     1.005
19541130     0.862     1.046
19541231     0.964     1.005
19550131     1.101     1.117
19550228     1.075     1.371
19550331     1.329     1.412
19550429     1.502     1.600
19550531     1.040     1.437
19550630     1.329     1.483
19550729     1.720     1.768
19550831     2.009     2.109
19550930     2.131     2.160
19551031     2.030     2.145
19551130     2.182     2.451
19551230     2.446     2.512
19560131     2.263     2.390
19560229     1.989     2.313
19560329     2.157     2.308
19560430     2.609     2.706
19560531     2.436     2.599
19560629     2.232     2.430
19560731     2.055     2.364
19560831     2.436     2.675
19560928     2.711     2.941
19561031     2.477     2.890
19561130     2.665     3.063
19561231     3.041     3.294
19570131     3.031     3.161
19570228     2.894     3.314
19570329     2.883     3.002
19570430     3.035     3.069
19570531     3.188     3.334
19570627     3.072     3.283
19570731     3.072     3.427
19570830     3.071     3.544
19570930     3.046     3.487
19571031     3.351     3.656
19571129     2.665     3.171
19571231     2.690     2.777
19580131     1.497     1.473
19580228     1.101     1.264
19580331     0.989     1.086
19580430     1.177     1.208
19580529     0.355     0.573
19580630     0.685     0.741
19580731     0.740     0.903
19580829     1.903     2.349
19580930     1.735     2.695
19581031     1.522     2.589
19581128     2.238     2.823
19581231     2.487     2.711
19590130     2.421     2.680
19590227     2.309     2.777
19590331     2.360     2.900
19590430     2.711     2.890
19590529     2.700     3.068
19590630     2.664     3.258
19590731     2.309     3.033
19590831     3.427     3.872
19590930     3.580     4.153
19591030     3.021     4.066
19591130     2.969     4.513
19591231     4.063     4.440
19600129     3.427     4.040
19600229     3.808     4.231
19600331     2.538     3.074
19600429     2.894     3.074
19600531     2.334     3.212
19600630     1.725     2.216
19600729     1.750     2.221
19600831     2.004     2.262
19600930     2.446     2.339
19601031     1.522     2.135
19601130     1.877     2.420
19601230     2.080     2.237
19610131     2.004     2.339
19610228     2.446     2.630
19610330     2.106     2.425
19610428     1.903     2.298
19610531     2.304     2.369
19610630     2.091     2.277
19610731     1.598     2.227
19610831     2.060     2.380
19610929     2.060     2.257
19611031     1.953     2.324
19611130     2.324     2.578
19611229     2.517     2.691
19620131     2.528     2.762
19620228     2.477     2.742
19620330     2.680     2.788
19620430     2.700     2.757
19620531     2.523     2.732
19620629     2.924     2.941
19620731     2.649     2.916
19620831     2.680     2.849
19620928     2.716     2.777
19621031     2.482     2.752
19621130     2.700     2.900
19621231     2.954     2.967
19630131     2.929     2.972
19630228     2.843     2.941
19630329     2.853     2.951
19630430     2.858     2.951
19630531     2.960     3.043
19630628     2.985     3.033
19630731     3.056     3.319
19630830     3.265     3.437
19630930     3.432     3.442
19631031     3.285     3.529
19631129     3.280     3.554
19631231     3.483     3.585
19640131     3.448     3.554
19640228     3.534     3.656
19640331     3.528     3.590
19640430     3.356     3.503
19640528     3.265     3.523
19640630     3.411     3.493
19640731     3.259     3.508
19640831     3.264     3.498
19640930     3.523     3.605
19641030     3.427     3.605
19641130     3.574     3.856
19641231     3.427     3.815
19650129     3.884     3.902
19650226     3.849     4.036
19650331     3.788     3.994
19650429     3.859     3.974
19650528     3.732     3.933
19650630     3.783     3.866
19650730     3.768     3.871
19650831     3.783     3.882
19650930     3.986     4.086
19651029     3.849     4.122
19651130     3.798     4.122
19651231     4.266     4.563
19660131     4.531     4.687
19660228     4.459     4.676
19660331     4.418     4.594
19660429     4.602     4.727
19660531     4.459     4.676
19660630     4.520     4.650
19660729     4.546     4.845
19660831     4.724     5.035
19660930     5.157     5.421
19661031     4.775     5.308
19661130     4.266     5.251
19661230     4.470     4.896
19670131     4.546     4.584
19670228     4.485     4.609
19670331     4.062     4.066
19670428     3.453     3.784
19670531     3.249     3.508
19670630     3.707     4.000
19670731     3.808     4.199
19670831     3.859     4.450
19670929     4.154     4.455
19671031     4.149     4.579
19671130     4.190     5.035
19671229     4.343     5.122
19680131     4.807     4.963
19680229     4.673     5.107
19680329     4.852     5.185
19680430     5.488     5.554
19680531     5.386     5.734
19680628     5.285     5.394
19680731     5.259     5.261
19680830     4.938     5.271
19680930     5.162     5.159
19681031     5.411     5.544
19681129     4.836     5.549
19681231     6.099     6.368
19690131     5.999     6.310
19690228     5.641     6.372
19690328     5.361     6.099
19690430     6.125     5.976
19690529     5.845     6.192
19690630     6.481     6.398
19690731     6.915     7.058
19690829     6.660     7.083
19690930     6.945     7.074
19691031     6.685     7.048
19691128     6.447     7.492
19691231     6.787     8.174
19700130     7.728     8.017
19700227     6.303     6.930
19700331     6.415     6.403
19700430     6.512     6.981
19700529     6.309     7.067
19700630     5.930     6.414
19700731     5.895     6.316
19700831     6.109     6.305
19700930     5.819     5.925
19701030     5.274     5.934
19701130     4.449     4.968
19701231     4.439     4.912
19710129     4.062     4.194
19710226     3.229     3.431
19710331     3.406     3.452
19710430     3.676     3.969
19710528     3.870     4.378
19710630     5.019     5.287
19710730     5.060     5.359
19710831     4.408     4.487
19710930     4.531     4.630
19711029     3.992     4.342
19711130     3.828     4.312
19711231     3.351     3.728
19720131     3.127     3.339
19720229     3.147     3.360
19720330     3.483     3.810
19720428     3.249     3.606
19720531     3.401     3.841
19720630     3.625     4.076
19720731     3.513     3.810
19720831     4.307     4.604
19720929     4.429     4.619
19721031     4.541     4.763
19721130     4.917     4.948
19721229     4.867     5.164
19730131     5.571     5.770
19730228     5.579     5.945
19730330     5.875     6.501
19730430     5.987     6.316
19730531     6.527     7.047
19730629     7.436     7.625
19730731     8.312     8.486
19730831     8.581     8.825
19730928     7.335     7.098
19731031     6.928     7.492
19731130     7.447     7.428
19731231     7.364     7.597
19740131     7.550     7.625
19740228     7.377     7.594
19740329     8.500     8.447
19740430     8.771     9.087
19740531     7.834     8.235
19740628     7.681     7.470
19740731     7.715     7.812
19740830     9.215     9.106
19740930     6.170     6.472
19741031     6.672     7.946
19741129     7.498     7.604
19741231     6.537     7.183
19750131     5.540     5.759
19750228     4.756     5.471
19750331     5.274     5.637
19750430     5.214     5.575
19750530     4.856     5.266
19750630     5.651     6.080
19750731     6.030     6.346
19750829     5.968     6.470
19750930     6.292     6.698
19751031     5.316     5.719
19751128     5.184     5.625
19751231     5.172     5.287
19760130     4.521     4.794
19760227     4.654     5.081
19760331     4.756     5.051
19760430     4.694     4.988
19760528     5.060     5.584
19760630     5.296     5.462
19760730     5.081     5.266
19760831     4.764     5.195
19760930     5.082     5.153
19761029     4.756     4.978
19761130     4.347     4.497
19761231     4.257     4.404
19770131     4.551     4.856
19770228     4.429     4.794
19770331     4.541     4.609
19770429     4.388     4.763
19770531     4.835     5.113
19770630     4.949     5.071
19770729     5.346     5.492
19770831     5.378     5.667
19770930     5.815     6.006
19771031     5.824     6.255
19771130     5.694     6.192
19771230     5.754     6.243
19780131     5.997     6.563
19780228     6.088     6.543
19780331     6.497     6.603
19780428     6.049     6.366
19780531     6.510     6.780
19780630     6.560     7.160
19780731     6.517     7.018
19780831     7.601     7.698
19780929     8.019     8.152
19781031     8.536     8.942
19781130     9.063     9.220
19781229     8.428     9.478
19790131     9.522     9.512
19790228     9.542     9.678
19790330     9.642     9.665
19790430     9.569     9.733
19790531     9.687     9.812
19790629     8.990     9.157
19790731     9.098     9.399
19790831    10.054    10.049
19790928    10.279    10.382
19791031    11.717    12.451
19791130    10.904    11.758
19791231     9.344    12.253
19800131    11.722    12.334
19800229    13.616    14.407
19800331    15.051    15.398
19800430     9.238    10.635
19800530     7.182     7.904
19800630     6.201     8.093
19800731     7.499     8.805
19800829     9.297    10.186
19800930    10.795    11.744
19801030    11.367    12.925
19801128    14.652    14.911
19801231    12.528    14.728
19810130    13.919    15.027
19810227    14.032    14.648
19810331    13.017    12.799
19810430    13.819    15.315
19810529    16.150    15.564
19810630    14.411    14.710
19810731    14.957    15.332
19810831    14.968    16.042
19810930    13.997    14.907
19811030    12.718    13.106
19811130    10.244    10.586
19811231     9.636    11.352
19820129    11.929    12.824
19820226    11.826    12.719
19820331    13.421    13.562
19820430    12.236    12.614
19820528    11.437    11.789
19820630    11.779    13.121
19820730     8.919    10.424
19820831     6.211     8.590
19820930     7.019     7.781
19821029     7.703     8.059
19821130     7.628     8.455
19821231     8.060     8.080
19830131     8.037     8.259
19830228     7.425     8.104
19830331     8.572     8.836
19830429     8.111     8.255
19830531     8.077     8.859
19830630     8.695     8.981
19830729     8.919     9.447
19830831     9.146     9.481
19830930     8.755     8.908
19831031     8.446     8.684
19831130     8.502     9.097
19831230     8.643     9.177
19840131     8.884     9.108
19840229     8.890     9.367
19840330     9.553     9.966
19840430     9.263     9.961
19840531     9.359     9.999
19840629     9.358    10.174
19840731     9.650    10.678
19840831    10.719    10.903
19840928    10.433    10.424
19841031     8.604     9.221
19841130     7.407     8.638
19841231     7.598     8.031
19850131     7.652     8.236
19850228     7.714     8.702
19850329     8.091     8.359
19850430     7.353     8.020
19850531     7.030     7.284
19850628     6.631     6.974
19850731     7.061     7.430
19850830     7.070     7.295
19850930     7.068     7.235
19851031     7.173     7.347
19851129     6.570     7.315
19851231     5.905     7.203
19860131     6.784     7.119
19860228     6.947     7.170
19860331     6.272     6.472
19860430     5.898     6.223
19860530     6.152     6.428
19860630     5.885     6.101
19860731     5.632     5.904
19860829     5.122     5.256
19860930     5.111     5.298
19861031     5.122     5.297
19861128     4.960     5.492
19861231     5.113     5.781
19870130     5.581     5.708
19870227     5.367     5.553
19870331     5.202     5.719
19870430     4.858     5.626
19870529     5.387     5.790
19870630     4.927     5.843
19870731     5.601     6.191
19870831     5.661     6.296
19870930     6.500     6.749
19871030     4.023     5.368
19871130     3.513     5.545
19871231     3.687     5.790
19880129     5.285     5.749
19880229     5.172     5.727
19880331     5.734     5.821
19880429     5.754     6.099
19880531     5.864     6.667
19880630     6.540     6.697
19880729     6.376     7.098
19880831     7.204     7.461
19880930     7.090     7.408
19881031     6.741     7.519
19881130     6.826     8.004
19881230     6.611     8.286
19890131     7.883     8.590
19890228     7.536     8.921
19890331     8.775     9.115
19890428     8.561     8.607
19890531     8.594     8.817
19890630     8.254     8.173
19890731     7.843     7.973
19890831     7.785     8.070
19890929     7.754     8.090
19891031     7.689     7.948
19891130     7.070     7.760
19891229     6.264     7.723
19900131     7.643     7.916
19900228     7.704     7.947
19900330     7.999     7.976
19900430     7.517     7.963
19900531     7.336     7.925
19900629     7.641     7.914
19900731     7.465     7.658
19900831     7.488     7.552
19900928     7.019     7.294
19901031     6.744     7.265
19901130     6.651     7.170
19901231     5.447     6.570
19910131     5.877     6.315
19910228     5.714     6.161
19910328     5.887     5.852
19910430     5.416     5.616
19910531     5.388     5.636
19910628     5.183     5.646
19910731     5.541     5.637
19910830     5.306     5.430
19910930     4.989     5.203
19911031     4.786     4.907
19911129     4.063     4.424
19911231     3.717     3.923
19920131     3.727     3.902
19920228     3.850     3.994
19920331     4.011     4.118
19920430     3.504     3.759
19920529     3.636     3.759
19920630     3.513     3.626
19920731     3.076     3.227
19920831     3.025     3.206
19920930     2.690     2.727
19921030     2.771     3.002
19921130     2.670     3.318
19921231     2.924     3.125
19930129     2.863     2.941
19930226     2.721     2.992
19930331     2.863     2.931
19930430     2.853     2.951
19930528     2.954     3.104
19930630     2.863     3.074
19930730     2.884     3.074
19930831     2.863     3.053
19930930     2.782     2.961
19931029     2.832     3.074
19931130     2.751     3.186
19931231     2.944     3.053
19940131     2.792     3.002
19940228     2.903     3.410
19940331     3.392     3.534
19940429     3.616     3.933
19940531     3.788     4.282
19940630     3.524     4.220
19940729     3.951     4.342
19940831     4.389     4.640
19940930     4.491     4.752
19941031     4.337     5.121
19941130     4.950     5.667
19941230     4.735     5.636
19950131     5.182     5.946
19950228     5.019     5.874
19950331     5.774     5.810
19950428     5.734     5.800
19950531     5.643     5.739
19950630     5.326     5.543
19950731     5.447     5.521
19950831     5.367     5.389
19950929     5.357     5.338
19951031     4.988     5.421
19951130     5.418     5.420
19951229     4.582     5.050
19960131     4.929     4.999
19960229     4.980     4.979
19960329     5.194     5.091
19960430     4.836     5.102
19960531     5.031     5.132
19960628     4.817     5.132
19960731     5.031     5.277
19960830     5.112     5.246
19960930     4.989     4.998
19961031     4.962     5.112
19961129     4.949     5.091
19961231     4.874     5.141
19970131     4.969     5.122
19970228     5.056     5.194
19970331     5.223     5.285
19970430     4.990     5.266
19970530     4.414     5.150
19970630     5.045     5.144
19970731     5.117     5.199
19970829     5.018     5.181
19970930     4.749     5.008
19971031     4.893     5.163
19971128     4.990     5.261
19971231     5.108     5.310
19980130     5.025     5.150
19980227     5.122     5.279
19980331     5.230     5.131
19980430     4.728     4.943
19980529     4.567     4.981
19980630     4.703     5.043
19980731     4.745     5.040
19980831     4.691     4.821
19980930     4.028     4.310
19981030     3.552     4.306
19981130     4.442     4.462
19981231     4.394     4.432
19990129     4.409     4.435
19990226     4.506     4.640
19990331     4.558     4.450
19990430     4.452     4.514
19990528     4.420     4.609
19990630     4.438     4.740
19990730     4.450     4.706
19990831     4.500     4.893
19990930     4.501     4.804
19991029     4.366     5.047
19991130     4.571     5.251
19991231     5.102     5.327
20000131     5.386     5.634
20000229     5.314     5.730
20000331     5.856     5.818
20000428     5.270     5.777
20000531     4.675     5.580
20000630     5.629     5.826
20000731     5.875     6.169
20000831     6.234     6.256
20000929     5.920     6.158
20001031     6.027     6.289
20001130     6.119     6.158
20001229     5.769     5.844
20010131     4.827     4.958
20010228     5.013     4.830
20010330     4.432     4.271
20010430     3.742     3.863
20010531     3.445     3.603
20010629     3.415     3.628
20010731     3.640     3.519
20010831     3.374     3.342
20010928     2.378     2.341
20011031     2.093     2.025
20011130     1.728     1.783
20011231     1.636     1.712
20020131     1.689     1.758
20020228     1.733     1.755
20020328     1.710     1.783
20020430     1.753     1.750
20020531     1.689     1.722
20020628     1.667     1.687
20020731     1.700     1.692
20020830     1.656     1.666
20020930     1.570     1.541
20021031     1.420     1.435
20021129     1.217     1.218
20021231     1.136     1.193
